% File used to automatically compute rate of changes of the orbital
% elements of Vesta and Ceres

vesta_elem = [ 
   
  9.377284786391739E-02
  7.117728395927621E+00
  1.038633292490321E+02
  1.497650689113383E+02  
  3.408770346489901E+02  
  2.377753972913208E+00  
 
  8.785871594301786E-02
  7.144025233020141E+00
  1.038644073110671E+02
  1.477813727557236E+02  
  8.226493351548335E+01  
  2.351066540132903E+00  
 
  9.395531155402977E-02
  7.142007110478048E+00
  1.039698315349736E+02
  1.496668042565520E+02  
  1.793496864690095E+02  
  2.346502245692679E+00  
 
  8.729267398333068E-02
  7.136126988387145E+00
  1.039656169545795E+02
  1.522882691617324E+02  
  2.757109987088883E+02  
  2.350782498561070E+00  
 
  8.980365554611516E-02
  7.132120372130219E+00
  1.039968123888791E+02
  1.497920758236906E+02  
  1.734267852169376E+01  
  2.367145784789799E+00  
 
  8.770868563263673E-02
  7.123353034660801E+00
  1.039216381429265E+02
  1.509367319095874E+02  
  1.156889361777342E+02  
  2.368874852785482E+00  
 
  9.016529704248237E-02

  7.133115561945016E+00
  1.038500836135012E+02
  1.500180202287262E+02  
  2.158036712405236E+02  
  2.361021384891578E+00  
 
  8.742677797601846E-02
  7.141517456955683E+00
  1.039172800838048E+02
  1.528045111782503E+02  
  3.121313493580686E+02  
  2.347174559555083E+00  
 
  8.846308995045692E-02
  7.136678372086361E+00
  1.039458367824234E+02
  1.474450640529503E+02  
  5.645611635073158E+01  
  2.348851071807297E+00  
 
  8.954155567085509E-02
  7.135689319058279E+00
  1.039538508942912E+02
  1.505330034730809E+02  
  1.528087509921241E+02  
  2.363324772225864E+00  
 
  8.806480538254148E-02
  7.127207832809182E+00
  1.039579832200709E+02
  1.488055823247063E+02  
  2.536848969307373E+02  
  2.370356198115141E+00  
 
  8.844796724628555E-02
  7.126834938361390E+00
  1.038252733731218E+02
  1.508674102793463E+02  
  3.509016689823152E+02  
  2.362149664615288E+00  
 
  8.843610603869466E-02
  7.143381322988507E+00
  1.038552363136898E+02
  1.478788088840530E+02  
  9.295302049412761E+01  
  2.350836124059571E+00  
 
  9.120900045575406E-02
  7.143393783571393E+00
  1.038886040307949E+02
  1.512014900977097E+02  
  1.888458223589464E+02  
  2.353721491117333E+00  
 
  8.763174050578916E-02
  7.140691840829186E+00
  1.038784887855773E+02
  1.526616735277825E+02  
  2.864840266715917E+02  
  2.354363737251912E+00  
 
  8.939651220136065E-02
  7.137769888863008E+00
  1.038884772475934E+02
  1.508330686381327E+02  
  2.740936680733634E+01  
  2.364370860299461E+00  
 
  8.819049973698578E-02
  7.132939217530580E+00
  1.038225581279742E+02
  1.518255333625326E+02  
  1.255775274834047E+02  
  2.368270979310765E+00  
 
  9.032126586629824E-02
  7.142170415770120E+00
  1.037755863004757E+02
  1.508085295176287E+02  
  2.261070849684069E+02  
  2.362130827141609E+00  
 
  8.631148507552384E-02
  7.147522425028785E+00
  1.038307338847525E+02
  1.538071964518268E+02  
  3.222350259658825E+02  
  2.344044488692385E+00  
 
  8.927119580754567E-02
  7.143120247819184E+00
  1.038427499437050E+02
  1.478766148264450E+02  
  6.710391911632449E+01  
  2.347004192079703E+00  
 
  8.769868965477609E-02
  7.141759093723845E+00
  1.038624851431740E+02
  1.524197991788706E+02  
  1.616542701374826E+02  
  2.369504543784337E+00  
 
  8.801592818406641E-02
  7.129388453525884E+00
  1.038513979502484E+02
  1.484457608536722E+02  
  2.650838073524170E+02  
  2.379426335153208E+00  
 
  8.585089400382173E-02
  7.134558029960405E+00
  1.036492459472853E+02
  1.534779396034591E+02  
  3.595304962906939E+02  
  2.353786868780753E+00  
 
  9.099068043971523E-02
  7.159865625842730E+00
  1.037401012709293E+02
  1.476796190763868E+02  
  1.041492400446757E+02  
  2.339260187347775E+00  
 
  9.190153167930434E-02
  7.148701171188655E+00
  1.038504283312840E+02
  1.535653662646454E+02  
  1.970910912750763E+02  
  2.352383244732798E+00  
 
  8.969356323459807E-02
  7.127880252562620E+00
  1.037391648466225E+02
  1.499764817849583E+02  
  3.002930318901841E+02  
  2.372876055526085E+00  
 
  8.973530813457081E-02
  7.143023555039814E+00
  1.036121247080080E+02
  1.532057777143694E+02  
  3.647711200328142E+01  
  2.368334812464467E+00  
 
  9.189810207922532E-02
  7.148518737406427E+00
  1.036827758981808E+02
  1.499636679782740E+02  
  1.386816810520741E+02  
  2.351807219097357E+00  
 
  9.180151114190752E-02
  7.145995071897230E+00
  1.036948315276820E+02
  1.531631344375083E+02  
  2.345852867500141E+02  
  2.350610561630346E+00  
 
  8.763432012347111E-02
  7.144703530983647E+00
  1.036804827516511E+02
  1.513183722407236E+02  
  3.358326920008103E+02  
  2.356510439819719E+00  
 
  8.919998301245069E-02
  7.140687626276373E+00
  1.036778484494707E+02
  1.506699035692506E+02  
  7.569482656154298E+01  
  2.359780771327382E+00  
 
  8.954805959850877E-02
  7.140497401417975E+00
  1.036630268215938E+02
  1.516172637461410E+02  
  1.738158659094414E+02  
  2.362555781845837E+00  
 
  8.915543389566674E-02
  7.136779421224250E+00
  1.036502401232597E+02
  1.511109782897879E+02  
  2.734257740664534E+02  
  2.365719416485343E+00  
 
  8.743794448568677E-02
  7.142268788241876E+00
  1.035584246111579E+02
  1.524229095885138E+02  
  1.176151455363912E+01  
  2.356520537305149E+00  
 
  9.221557316488872E-02
  7.152576553966931E+00
  1.036224943629181E+02
  1.486820476862380E+02  
  1.144570285626296E+02  
  2.345470595540728E+00  
 
  9.282431295857879E-02
  7.141329425549642E+00
  1.037062008473379E+02
  1.527978177517405E+02  
  2.093634112242745E+02  
  2.350240291764008E+00  
 
  8.999291051911751E-02
  7.128808335724165E+00
  1.036109615462404E+02
  1.493039514400247E+02  
  3.120603994428980E+02  
  2.370220746725228E+00  
 
  9.076735085307548E-02
  7.138526799771872E+00
  1.035506057404881E+02
  1.528497935863206E+02  
  4.814771886418871E+01  
  2.373735537864214E+00  
 
  9.210983271810491E-02
  7.140154250193953E+00
  1.035531600693910E+02
  1.488123974632643E+02  
  1.513651576213800E+02  
  2.351932632999213E+00  
 
  9.267116448238603E-02
  7.146469078020173E+00
  1.035446805338576E+02
  1.537921677438250E+02  
  2.454422219690300E+02  
  2.342045093629287E+00  
 
  8.602663199855058E-02
  7.146038359125848E+00
  1.036711277087533E+02
  1.495954720433884E+02  
  3.484865897000218E+02  
  2.352035224475436E+00  
 
  8.984926536388485E-02
  7.122023864987818E+00
  1.036258435793247E+02
  1.527089087276066E+02  
  8.494805698820913E+01  
  2.374477095051736E+00  
 
  8.823619920759260E-02
  7.129293686963353E+00
  1.034723080765315E+02
  1.502533004765073E+02  
  1.867143103393410E+02  
  2.368886998253261E+00  
 
  9.112310888241137E-02
  7.144205668659123E+00
  1.035096670600596E+02
  1.529804567139297E+02  
  2.831132450020883E+02  
  2.353079752802637E+00  
 
  8.559169420940523E-02
  7.141139153273971E+00
  1.035760200608325E+02
  1.490978151237017E+02  
  2.598018154316616E+01  
  2.342130362645889E+00  
 
  9.235922636380291E-02
  7.140298234471626E+00
  1.035867272092053E+02
  1.503349314445761E+02  
  1.241251353199113E+02  
  2.356383984614194E+00  
 
  8.868030344436449E-02
  7.132530199477872E+00
  1.036214427500286E+02
  1.505325504624095E+02  
  2.230927153272866E+02  
  2.366874677171042E+00  
 
  9.146074263498118E-02
  7.124153847664155E+00
  1.035122107195355E+02
  1.501395713861798E+02  
  3.227489966561436E+02  
  2.370329464132177E+00  
 
  8.760778336842258E-02
  7.141127989577960E+00
  1.034670375008913E+02
  1.495362642353852E+02  
  6.254517802679965E+01  
  2.354543117945443E+00  
 
  9.242643668816514E-02
  7.142719514598626E+00
  1.035426121423356E+02
  1.498739722678341E+02  
  1.615209726137585E+02  
  2.350792232007588E+00  
 
  8.880059098029412E-02
  7.139947085899063E+00
  1.035457727268980E+02
  1.532420361416306E+02  
  2.571100043032824E+02  
  2.352238855788920E+00  
 
  8.796365166179791E-02
  7.138035883015352E+00
  1.035757397853525E+02
  1.508092174471718E+02  
  3.586488067196158E+02  
